77
144
-48
72
87
123
101
87
88
2
1
170
171
162
49
-44
115
117
194
-17
172
197
53
106
-10
-49
181
-40
31
60
71
114
-40
93
10
11
170
161
-3
-16
58
-2
117
123
113
19
108
28
116
148
15
43
133
134
71
41
132
10
182
78
100
-36
-10
160
190
186
16
20
0
84
184
-34
0
10
89
182
127
-2
196
-20
165
180
-5
16
182
21
69
10
160
43
-40
118
57
130
58
139
163
33
15
78
86
58
37
44
136
39
-28
150
189
76
164
12
102
147
40
24
193
105
179
39
-25
127
126
151
-46
122
93
102
-16
39
176
187
172
-5
25
158
85
125
93
11
195
48
44
25
172
49
-4
190
30
-2
92
-11
0
47
-47
40
193
97
51
168
-45
167
64
188
91
-10
66
-42
199
84
194
88
110
-23
15
-33
-34
81
165
6
71
96
74
-27
8
-46
62
94
60
141
16
81
93
183
30
-16
-21
139
51
19
137
197
18
42
183
142
68
85
92
-26
131
192
-38
16
27
-46
120
-28
-18
3
-15
56
-15
150
70
-44
53
-34
161
-19
27
98
-45
191
-41
120
140
-1
86
42
78
140
-49
159
90
62
178
30
186
-21
115
199
-43
5
20
23
100
142
-3
19
18
-33
-2
95
-1
12
94
-14
68
-12
126
199
133
-14
40
-48
5
-35
87
84
86
11
-34
42
188
53
84
87
61
20
-22
129
28
170
98
150
19
177
-18
-19
172
-36
121
141
113
81
133
19
-27
105
163
161
110
137
6
195
179
93
130
70
-8
-28
59
128
88
188
0
0
2
86
68
-49
140
-29
4
-45
165
168
51
-28
-29
121
69
12
192
-17
160
131
41
182
10
-37
151
182
155
18
-41
119
148
104
141
16
137
-35
19
37
36
-38
183
-17
119
93
130
-20
77
64
115
66
-13
-23
100
28
149
137
184
20
72
114
104
-17
181
21
111
39
196
119
143
-42
190
-43
37
44
177
-44
160
85
95
138
100
104
-28
189
121
110
68
5
57
108
15
83
-16
80
160
68
187
94
113
2
163
34
72
11
13
66
36
140
145
53
-11
148
83
103
-23
36
154
62
112
35
174
-49
58
114
162
54
-8
142
178
26
71
-20
38
49
25
189
-25
55
-13
156
48
107
-15
167
73
63
-12
108
-39
166
183
36
45
26
7
156
-18
-4
-37
129
-11
179
133
17
137
-9
52
127
132
38
60
126
88
159
70
23
195
178
13
-37
196
146
145
60
144
51
-26
172
52
157
-7
123
40
139
48
165
60
83
186
34
178
33
116
179
18
32
6
79
82
38
37
12
134
139
102
60
82
91
84
157
64
176
-7
137
57
170
159
170
3
186
104
124
42
-43
-28
6
0
97
-9
31
23
40
76
94
124
68
37
84
18
66
81
-22
-10
139
25
25
22
103
193
-33
29
-10
77
-15
74
-4
153
176
94
141
146
-26
-7
149
23
-40
57
141
138
118
133
169
193
-17
72
106
180
111
147
-7
62
65
158
86
71
168
179
-7
78
47
152
-37
-11
6
10
91
-28
158
137
157
50
10
-12
76
76
80
164
46
-23
48
47
191
25
148
-34
-36
198
80
121
36
102
76
127
163
73
133
3
144
25
102
86
3
193
-34
-35
79
0
77
-47
-49
90
28
97
53
21
42
142
158
197
-3
15
-38
62
32
79
125
-43
3
195
16
94
-20
-13
89
5
92
142
22
-13
199
133
-41
-22
169
134
183
-24
116
57
144
44
43
34
126
196
60
-21
168
113
-7
-29
-44
-32
116
-41
154
-12
105
-23
2
161
187
58
111
112
-45
31
13
-19
144
23
17
110
73
9
115
-9
183
14
192
165
86
-14
85
114
111
129
37
71
43
11
72
128
11
183
34
187
122
93
132
91
186
145
112
100
139
-11
103
-40
90
140
-43
66
187
76
192
50
38
129
30
157
92
181
176
127
172
148
171
115
48
-12
78
135
79
173
131
193
162
-5
116
102
189
136
72
-13
90
169
186
-8
-37
104
-31
25
168
119
32
197
-16
31
20
31
80
22
125
111
34
193
100
31
15
75
13
-29
-46
58
100
-35
183
0
-27
96
95
170
3
125
-25
10
25
182
141
27
7
76
-37
59
29
78
88
72
96
63
83
183
146
-1
-9
182
-49
17
187
-2
178
131
195
94
-26
0
1
101
-25
14
198
-2
9
177
-38
147
56
93
82
30
10
82
193
69
161
-12
125
-33
-42
70
81
52
39
74
158
14
144
88
-1
109
53
86
-36
91
59
15
171
185
92
67
71
25
154
16
54
160
-47
56
175
118
97
107
-4
82
172
131
43
132
153
195
-41
128
72
180
48
70
60
139
183
123
66
77
25
193
78
163
37
175
0
38
68
129
106
91
46
92
65
150
86
30
70
143
83
63
-2
-46
39
123
57
34
158
69
122
6
93
163
183
99
76
42
31
118
31
186
58
9
115
115
19
106
82
180
71
100
68
70
-4
159
195
-16
97
74
126
83
-49
20
-37
82
5
-2
-39
-3
127
196
-1
166
97
47
84
-36
-5
113
55
13
108
137
-9
71
-36
95
6
125
130
-28
97
46
-7
146
155
166
148
40
64
-41
181
101
51
-25
41
1
25
-9
71
137
133
116
93
150
34
66
-49
60
194
136
-37
160
179
-24
35
92
126
96
198
87
-42
103
-48
37
122
107
97
92
0
197
-9
186
48
195
121
96
94
66
191
-32
149
69
84
25
4
69
148
111
93
181
36
143
82
11
168
-45
159
120
-37
59
173
166
158
126
159
101
141
122
79
13
89
-20
6
58
18
-17
137
-25
95
3
26
168
163
6
-25
164
-47
139
93
93
-12
-32
136
10
174
-34
-29
3
124
186
168
110
127
136
31
109
79
91
191
-15
-22
124
-38
130
158
103
197
-36
153
-6
173
121
94
168
77
-35
168
-32
46
82
91
174
189
-43
41
185
182
139
-44
-18
31
115
-49
143
-49
41
93
-8
-39
166
155
85
126
-42
51
130
115
-28
-3
92
114
-41
57
82
2
-20
78
86
67
147
146
-33
174
21
127
0
197
153
9
136
-5
-47
19
173
106
182
21
106
10
20
-25
27
21
193
18
171
149
86
-30
56
123
65
86
129
87
127
182
4
-36
179
-9
27
111
178
25
-3
5
70
-15
-18
-42
-47
56
-35
179
35
153
193
37
86
170
-33
187
16
147
19
88
150
-12
145
196
186
-18
102
-6
160
128
48
50
199
59
20
15
126
120
69
49
18
84
-31
198
115
196
21
18
48
174
-1
106
-4
61
18
122
84
165
43
137
75
125
178
-21
116
20
161
30
181
-30
3
-9
54
-20
97
59
115
-48
-22
28
59
-27
50
134
-3
80
140
-47
-28
46
-45
172
193
-2
122
92
-35
136
-8
127
20
91
45
92
162
48
197
57
172
135
173
89
96
74
60
135
-11
3
160
60
12
45
-26
86
128
180
135
102
186
194
90
-47
56
28
71
25
182
111
-21
157
13
180
59
-49
82
69
98
60
199
172
120
98
53
-23
135
102
165
170
172
105
97
74
56
81
177
75
11
-36
5
179
-26
163
-35
180
40
131
53
169
153
-4
115
121
151
194
30
31
152
171
-17
-3
-42
150
-32
75
101
-3
56
166
192
-5
-22
100
159
23
149
-24
152
-12
89
169
124
160
113
104
85
179
191
53
-25
169
147
120
108
114
195
25
148
141
32
-24
124
121
-18
94
91
9
-18
69
-24
150
73
110
-9
163
45
67
135
50
43
26
18
120
10
68
-2
136
15
89
65
108
122
125
21
51
153
33
158
26
-33
-16
14
126
-16
120
18
150
185
48
12
168
168
-2
86
155
3
-24
149
91
98
-49
176
105
169
-46
-30
154
72
161
85
111
172
57
-23
81
160
157
137
162
153
127
148
182
29
150
-33
168
95
132
16
113
24
125
2
101
132
89
68
160
146
175
185
198
179
72
33
112
179
194
1
153
77
-19
29
-18
126
137
47
102
16
-2
27
150
0
62
94
10
31
-47
197
99
152
85
174
106
118
120
161
-41
58
5
178
191
-43
62
97
122
165
63
77
104
118
61
124
86
98
110
40
104
126
90
140
46
-42
77
-28
88
29
-9
-28
-3
153
45
127
183
3
0
62
127
171
118
119
15
87
-34
18
153
37
-13
179
100
48
149
46
184
16
36
-4
177
140
131
137
53
28
16
161
48
53
7
137
80
113
160
105
-11
-36
186
-4
170
16
123
-29
161
22
92
103
126
-13
67
-21
136
193
-15
179
1
92
15
-6
155
198
-18
14
-39
87
-27
47
185
138
-3
150
75
168
12
107
-36
72
2
120
182
-23
157
58
-39
32
178
59
186
198
2
95
130
98
176
-38
128
39
74
5
135
-44
81
-11
-1
47
-36
10
12
161
192
133
77
92
-48
-40
81
77
102
127
130
36
148
117
-19
191
159
147
62
-5
-36
62
-4
88
166
50
146
142
-16
171
186
195
87
67
158
23
25
159
74
-28
-16
55
158
167
27
34
-22
94
-30
133
39
102
119
104
90
158
-34
33
125
117
25
193
-23
146
173
10
50
47
121
144
172
171
9
-33
64
-4
45
75
8
68
9
17
199
115
108
113
6
57
177
34
-25
27
128
120
139
132
81
53
7
-11
87
175
163
185
-30
109
194
119
170
125
152
37
69
144
141
178
-8
-42
54
2
146
-6
52
141
35
100
119
136
194
139
14
119
-5
61
20
135
111
96
186
33
127
83
0
164
-28
-42
-20
66
156
-9
129
74
52
-8
188
43
40
-6
93
103
16
7
70
133
150
34
166
156
79
178
-37
163
177
80
61
88
119
84
95
170
191
2
-9
132
61
85
3
2
-46
48
-15
0
3
183
165
-1
20
60
163
135
71
115
25
66
59
69
71
99
144
43
-38
55
-9
-16
100
28
174
-31
106
141
32
-6
-7
64
-24
153
-28
197
2
-16
47
87
105
127
81
193
178
-6
20
61
-2
-35
-12
189
12
196
27
15
152
56
187
69
127
-35
180
191
41
33
-5
188
23
100
30
91
-15
129
56
180
156
-49
48
38
93
170
116
5
89
-2
-7
148
149
-18
-44
101
183
25
16
123
100
-30
187
122
-10
118
-12
63
167
163
5
-28
-2
61
-18
-10
-32
115
141
164
99
-24
47
156
195
176
180
133
57
57
33
79
62
-37
93
-43
103
194
56
-19
-19
162
73
87
56
-2
-47
-39
47
129
90
181
50
7
-3
9
-12
171
159
77
86
185
145
81
133
-3
108
82
42
-27
15
78
23
46
118
31
142
-48
69
178
109
-7
42
168
157
93
142
38
59
80
73
122
153
11
101
48
-39
77
-33
30
36
153
78
63
117
87
96
154
-45
103
167
76
146
152
-8
76
102
22
73
92
178
-43
136
193
98
49
54
138
0
177
178
52
87
123
48
100
3
175
175
-25
-47
60
185
-49
156
8
-28
129
89
-12
67
195
150
106
-29
123
71
172
194
-46
102
23
-25
185
-21
191
197
115
-41
-17
-23
64
8
105
-11
29
-23
30
65
15
170
-46
143
177
135
23
66
169
57
125
110
135
-40
-26
-23
44
28
107
91
105
164
180
144
95
156
108
23
3
159
112
-41
22
-27
-17
-19
96
-28
124
97
46
118
-10
90
167
54
-15
106
28
170
105
-40
188
142
117
-5
46
182
88
18
196
103
67
13
-19
166
164
13
88
93
79
109
34
-13
-44
173
78
-32
119
-30
193
95
-43
-16
41
109
159
59
173
18
21
44
129
-10
-26
27
-28
188
183
118
-7
132
23
175
11
178
171
18
134
1
-9
99
103
-25
65
164
-9
51
115
27
143
128
185
29
170
131
96
139
22
176
-46
-14
83
141
132
108
197
-9
56
169
12
155
197
22
84
70
-41
47
179
56
171
-17
190
146
60
141
40
1
13
176
164
4
72
15
-12
11
29
59
55
-19
197
90
-14
154
74
66
80
116
149
108
28
36
46
55
98
163
-35
163
-28
155
-8
163
9
68
114
33
1
-25
-20
141
76
174
100
126
39
94
102
55
146
169
-48
80
-7
-22
185
-42
99
-20
14
9
148
38
139
125
52
40
190
21
110
97
35
44
87
61
176
144
137
85
192
-37
-10
71
176
14
102
-39
164
-9
70
